<?xml version="1.0" encoding="UTF-8" standalone="no" ?>
<COLLADA xmlns="http://www.collada.org/2005/11/COLLADASchema" version="1.4.1">
    <asset>
        <contributor>
            <authoring_tool>SketchUp 15.3.331</authoring_tool>
        </contributor>
        <created>2016-05-12T09:08:44Z</created>
        <modified>2016-05-12T09:08:44Z</modified>
        <unit meter="0.0254" name="inch" />
        <up_axis>Z_UP</up_axis>
    </asset>
    <library_visual_scenes>
        <visual_scene id="ID1">
            <node name="SketchUp">
                <instance_geometry url="#ID242">
                    <bind_material>
                        <technique_common>
                            <instance_material symbol="Material2" target="#ID5">
                                <bind_vertex_input semantic="UVSET0" input_semantic="TEXCOORD" input_set="0" />
                            </instance_material>
                        </technique_common>
                    </bind_material>
                </instance_geometry>
                <instance_geometry url="#ID248">
                    <bind_material>
                        <technique_common>
                            <instance_material symbol="Material2" target="#ID5">
                                <bind_vertex_input semantic="UVSET0" input_semantic="TEXCOORD" input_set="0" />
                            </instance_material>
                        </technique_common>
                    </bind_material>
                </instance_geometry>
                <instance_geometry url="#ID254">
                    <bind_material>
                        <technique_common>
                            <instance_material symbol="Material2" target="#ID5">
                                <bind_vertex_input semantic="UVSET0" input_semantic="TEXCOORD" input_set="0" />
                            </instance_material>
                        </technique_common>
                    </bind_material>
                </instance_geometry>
                <node id="ID2" name="instance_0">
                    <matrix>1 0 0 -2.354039 0 1 0 -2.32474 0 0 1 -6.883383e-015 0 0 0 1</matrix>
                    <instance_node url="#ID3" />
                </node>
                <node id="ID18" name="instance_1">
                    <matrix>0.8660254 -0.5 0 0.007357759 0.5 0.8660254 0 -0.6915932 -0 0 1 2.165354 0 0 0 1</matrix>
                    <instance_node url="#ID19" />
                </node>
                <node id="ID26" name="instance_2">
                    <matrix>-0.5090414 -0.8496697 0.1376165 0.8717523 0.860742 -0.5024933 0.08138615 -0.8347788 2.220446e-016 0.1598812 0.9871363 4.908281 0 0 0 1</matrix>
                    <instance_node url="#ID27" />
                </node>
                <node id="ID64" name="instance_3">
                    <matrix>-0.5090414 -0.8496697 0.1376165 1.194123 0.860742 -0.5024933 0.08138615 1.528899 2.220446e-016 0.1598812 0.9871363 4.668462 0 0 0 1</matrix>
                    <instance_node url="#ID65" />
                </node>
                <node id="ID156" name="instance_4">
                    <matrix>-0.5090414 -0.8496697 0.1376165 2.156091 0.860742 -0.5024933 0.08138615 -0.09769978 2.220446e-016 0.1598812 0.9871363 4.668462 0 0 0 1</matrix>
                    <instance_node url="#ID65" />
                </node>
                <node id="ID157" name="instance_5">
                    <matrix>-0.5090414 -0.8496697 0.1376165 -0.09021579 0.860742 -0.5024933 0.08138615 0.7918203 2.220446e-016 0.1598812 0.9871363 4.908281 0 0 0 1</matrix>
                    <instance_node url="#ID27" />
                </node>
                <node id="ID158" name="instance_6">
                    <matrix>-0.5090414 -0.8496697 0.1376165 1.888892 0.860742 -0.5024933 0.08138615 0.6083914 2.220446e-016 0.1598812 0.9871363 5.245744 0 0 0 1</matrix>
                    <instance_node url="#ID159" />
                </node>
                <node id="ID237" name="instance_15">
                    <matrix>-0.5090414 -0.8496697 0.1376165 2.727352 0.860742 -0.5024933 0.08138615 -0.9082912 2.220446e-016 0.1598812 0.9871363 4.934835 0 0 0 1</matrix>
                    <instance_node url="#ID159" />
                </node>
                <node id="ID238" name="instance_16">
                    <matrix>-0.1376165 -0.8496697 -0.5090414 -0.1085124 -0.08138615 -0.5024933 0.860742 2.015972 -0.9871363 0.1598812 3.654171e-013 5.970503 0 0 0 1</matrix>
                    <instance_node url="#ID161" />
                </node>
                <node id="ID239" name="instance_17">
                    <matrix>-0.5090414 -0.8496697 0.1376165 0.07030893 0.860742 -0.5024933 0.08138615 1.545431 2.220446e-016 0.1598812 0.9871363 5.441958 0 0 0 1</matrix>
                    <instance_node url="#ID161" />
                </node>
                <node id="ID240" name="instance_18">
                    <matrix>-0.5090414 -0.8496697 0.1376165 -0.6734702 0.860742 -0.5024933 0.08138615 1.20159 2.220446e-016 0.1598812 0.9871363 5.161476 0 0 0 1</matrix>
                    <instance_node url="#ID178" />
                </node>
                <node id="ID241" name="instance_19">
                    <matrix>0.5090414 -0.8496697 0.1376165 -0.4547653 -0.860742 -0.5024933 0.08138615 2.433283 -1.94289e-016 0.1598812 0.9871363 5.441958 0 0 0 1</matrix>
                    <instance_node url="#ID170" />
                </node>
            </node>
        </visual_scene>
    </library_visual_scenes>
    <library_nodes>
        <node id="ID3" name="Fuss">
            <instance_geometry url="#ID4">
                <bind_material>
                    <technique_common>
                        <instance_material symbol="Material2" target="#ID5">
                            <bind_vertex_input semantic="UVSET0" input_semantic="TEXCOORD" input_set="0" />
                        </instance_material>
                    </technique_common>
                </bind_material>
            </instance_geometry>
            <instance_geometry url="#ID12">
                <bind_material>
                    <technique_common>
                        <instance_material symbol="Material2" target="#ID5">
                            <bind_vertex_input semantic="UVSET0" input_semantic="TEXCOORD" input_set="0" />
                        </instance_material>
                    </technique_common>
                </bind_material>
            </instance_geometry>
        </node>
        <node id="ID19" name="zwischenstk">
            <instance_geometry url="#ID20">
                <bind_material>
                    <technique_common>
                        <instance_material symbol="Material2" target="#ID5">
                            <bind_vertex_input semantic="UVSET0" input_semantic="TEXCOORD" input_set="0" />
                        </instance_material>
                    </technique_common>
                </bind_material>
            </instance_geometry>
        </node>
        <node id="ID27" name="schraubenplatte">
            <instance_geometry url="#ID28">
                <bind_material>
                    <technique_common>
                        <instance_material symbol="Material2" target="#ID5">
                            <bind_vertex_input semantic="UVSET0" input_semantic="TEXCOORD" input_set="0" />
                        </instance_material>
                    </technique_common>
                </bind_material>
            </instance_geometry>
            <instance_geometry url="#ID34">
                <bind_material>
                    <technique_common>
                        <instance_material symbol="Material2" target="#ID5">
                            <bind_vertex_input semantic="UVSET0" input_semantic="TEXCOORD" input_set="0" />
                        </instance_material>
                    </technique_common>
                </bind_material>
            </instance_geometry>
            <instance_geometry url="#ID40">
                <bind_material>
                    <technique_common>
                        <instance_material symbol="Material2" target="#ID5">
                            <bind_vertex_input semantic="UVSET0" input_semantic="TEXCOORD" input_set="0" />
                        </instance_material>
                    </technique_common>
                </bind_material>
            </instance_geometry>
            <instance_geometry url="#ID46">
                <bind_material>
                    <technique_common>
                        <instance_material symbol="Material2" target="#ID5">
                            <bind_vertex_input semantic="UVSET0" input_semantic="TEXCOORD" input_set="0" />
                        </instance_material>
                    </technique_common>
                </bind_material>
            </instance_geometry>
            <instance_geometry url="#ID52">
                <bind_material>
                    <technique_common>
                        <instance_material symbol="Material2" target="#ID5">
                            <bind_vertex_input semantic="UVSET0" input_semantic="TEXCOORD" input_set="0" />
                        </instance_material>
                    </technique_common>
                </bind_material>
            </instance_geometry>
            <instance_geometry url="#ID58">
                <bind_material>
                    <technique_common>
                        <instance_material symbol="Material2" target="#ID5">
                            <bind_vertex_input semantic="UVSET0" input_semantic="TEXCOORD" input_set="0" />
                        </instance_material>
                    </technique_common>
                </bind_material>
            </instance_geometry>
        </node>
        <node id="ID65" name="Gitter">
            <instance_geometry url="#ID66">
                <bind_material>
                    <technique_common>
                        <instance_material symbol="Material2" target="#ID5">
                            <bind_vertex_input semantic="UVSET0" input_semantic="TEXCOORD" input_set="0" />
                        </instance_material>
                    </technique_common>
                </bind_material>
            </instance_geometry>
            <instance_geometry url="#ID72">
                <bind_material>
                    <technique_common>
                        <instance_material symbol="Material2" target="#ID5">
                            <bind_vertex_input semantic="UVSET0" input_semantic="TEXCOORD" input_set="0" />
                        </instance_material>
                    </technique_common>
                </bind_material>
            </instance_geometry>
            <instance_geometry url="#ID78">
                <bind_material>
                    <technique_common>
                        <instance_material symbol="Material2" target="#ID5">
                            <bind_vertex_input semantic="UVSET0" input_semantic="TEXCOORD" input_set="0" />
                        </instance_material>
                    </technique_common>
                </bind_material>
            </instance_geometry>
            <instance_geometry url="#ID84">
                <bind_material>
                    <technique_common>
                        <instance_material symbol="Material2" target="#ID5">
                            <bind_vertex_input semantic="UVSET0" input_semantic="TEXCOORD" input_set="0" />
                        </instance_material>
                    </technique_common>
                </bind_material>
            </instance_geometry>
            <instance_geometry url="#ID90">
                <bind_material>
                    <technique_common>
                        <instance_material symbol="Material2" target="#ID5">
                            <bind_vertex_input semantic="UVSET0" input_semantic="TEXCOORD" input_set="0" />
                        </instance_material>
                    </technique_common>
                </bind_material>
            </instance_geometry>
            <instance_geometry url="#ID96">
                <bind_material>
                    <technique_common>
                        <instance_material symbol="Material2" target="#ID5">
                            <bind_vertex_input semantic="UVSET0" input_semantic="TEXCOORD" input_set="0" />
                        </instance_material>
                    </technique_common>
                </bind_material>
            </instance_geometry>
            <instance_geometry url="#ID102">
                <bind_material>
                    <technique_common>
                        <instance_material symbol="Material2" target="#ID5">
                            <bind_vertex_input semantic="UVSET0" input_semantic="TEXCOORD" input_set="0" />
                        </instance_material>
                    </technique_common>
                </bind_material>
            </instance_geometry>
            <instance_geometry url="#ID108">
                <bind_material>
                    <technique_common>
                        <instance_material symbol="Material2" target="#ID5">
                            <bind_vertex_input semantic="UVSET0" input_semantic="TEXCOORD" input_set="0" />
                        </instance_material>
                    </technique_common>
                </bind_material>
            </instance_geometry>
            <instance_geometry url="#ID114">
                <bind_material>
                    <technique_common>
                        <instance_material symbol="Material2" target="#ID5">
                            <bind_vertex_input semantic="UVSET0" input_semantic="TEXCOORD" input_set="0" />
                        </instance_material>
                    </technique_common>
                </bind_material>
            </instance_geometry>
            <instance_geometry url="#ID120">
                <bind_material>
                    <technique_common>
                        <instance_material symbol="Material2" target="#ID5">
                            <bind_vertex_input semantic="UVSET0" input_semantic="TEXCOORD" input_set="0" />
                        </instance_material>
                    </technique_common>
                </bind_material>
            </instance_geometry>
            <instance_geometry url="#ID126">
                <bind_material>
                    <technique_common>
                        <instance_material symbol="Material2" target="#ID5">
                            <bind_vertex_input semantic="UVSET0" input_semantic="TEXCOORD" input_set="0" />
                        </instance_material>
                    </technique_common>
                </bind_material>
            </instance_geometry>
            <instance_geometry url="#ID132">
                <bind_material>
                    <technique_common>
                        <instance_material symbol="Material2" target="#ID5">
                            <bind_vertex_input semantic="UVSET0" input_semantic="TEXCOORD" input_set="0" />
                        </instance_material>
                    </technique_common>
                </bind_material>
            </instance_geometry>
            <instance_geometry url="#ID138">
                <bind_material>
                    <technique_common>
                        <instance_material symbol="Material2" target="#ID5">
                            <bind_vertex_input semantic="UVSET0" input_semantic="TEXCOORD" input_set="0" />
                        </instance_material>
                    </technique_common>
                </bind_material>
            </instance_geometry>
            <instance_geometry url="#ID144">
                <bind_material>
                    <technique_common>
                        <instance_material symbol="Material2" target="#ID5">
                            <bind_vertex_input semantic="UVSET0" input_semantic="TEXCOORD" input_set="0" />
                        </instance_material>
                    </technique_common>
                </bind_material>
            </instance_geometry>
            <instance_geometry url="#ID150">
                <bind_material>
                    <technique_common>
                        <instance_material symbol="Material2" target="#ID5">
                            <bind_vertex_input semantic="UVSET0" input_semantic="TEXCOORD" input_set="0" />
                        </instance_material>
                    </technique_common>
                </bind_material>
            </instance_geometry>
        </node>
        <node id="ID159" name="abschussplatz">
            <instance_geometry url="#ID213">
                <bind_material>
                    <technique_common>
                        <instance_material symbol="Material2" target="#ID5">
                            <bind_vertex_input semantic="UVSET0" input_semantic="TEXCOORD" input_set="0" />
                        </instance_material>
                    </technique_common>
                </bind_material>
            </instance_geometry>
            <instance_geometry url="#ID219">
                <bind_material>
                    <technique_common>
                        <instance_material symbol="Material2" target="#ID5">
                            <bind_vertex_input semantic="UVSET0" input_semantic="TEXCOORD" input_set="0" />
                        </instance_material>
                    </technique_common>
                </bind_material>
            </instance_geometry>
            <instance_geometry url="#ID225">
                <bind_material>
                    <technique_common>
                        <instance_material symbol="Material2" target="#ID5">
                            <bind_vertex_input semantic="UVSET0" input_semantic="TEXCOORD" input_set="0" />
                        </instance_material>
                    </technique_common>
                </bind_material>
            </instance_geometry>
            <instance_geometry url="#ID231">
                <bind_material>
                    <technique_common>
                        <instance_material symbol="Material2" target="#ID5">
                            <bind_vertex_input semantic="UVSET0" input_semantic="TEXCOORD" input_set="0" />
                        </instance_material>
                    </technique_common>
                </bind_material>
            </instance_geometry>
            <node id="ID160" name="instance_7">
                <matrix>3.699541e-013 -5.134144e-030 1 0.4960416 1.387779e-017 1 0 1.10571 -1 1.387779e-017 3.699541e-013 0.8700787 0 0 0 1</matrix>
                <instance_node url="#ID161" />
            </node>
            <node id="ID168" name="instance_8">
                <matrix>1 0 0 9.813434e-017 0 1 0 1.10571 0 0 1 0.3346457 0 0 0 1</matrix>
                <instance_node url="#ID161" />
            </node>
            <node id="ID169" name="instance_9">
                <matrix>-1 5.551115e-017 1.387779e-017 1.031496 5.551115e-017 1 -2.081668e-017 1.10571 1.387779e-017 2.081668e-017 1 0.3346457 0 0 0 1</matrix>
                <instance_node url="#ID170" />
            </node>
            <node id="ID177" name="instance_10">
                <matrix>1 0 0 0.08265576 0 1 0 1.865611 0 0 1 -0.07256807 0 0 0 1</matrix>
                <instance_node url="#ID178" />
            </node>
        </node>
        <node id="ID161" name="fluegel">
            <instance_geometry url="#ID162">
                <bind_material>
                    <technique_common>
                        <instance_material symbol="Material2" target="#ID5">
                            <bind_vertex_input semantic="UVSET0" input_semantic="TEXCOORD" input_set="0" />
                        </instance_material>
                    </technique_common>
                </bind_material>
            </instance_geometry>
        </node>
        <node id="ID170" name="fluegel">
            <instance_geometry url="#ID171">
                <bind_material>
                    <technique_common>
                        <instance_material symbol="Material2" target="#ID5">
                            <bind_vertex_input semantic="UVSET0" input_semantic="TEXCOORD" input_set="0" />
                        </instance_material>
                    </technique_common>
                </bind_material>
            </instance_geometry>
        </node>
        <node id="ID178" name="Rakete">
            <instance_geometry url="#ID199">
                <bind_material>
                    <technique_common>
                        <instance_material symbol="Material2" target="#ID5">
                            <bind_vertex_input semantic="UVSET0" input_semantic="TEXCOORD" input_set="0" />
                        </instance_material>
                        <instance_material symbol="Material3" target="#ID200">
                            <bind_vertex_input semantic="UVSET0" input_semantic="TEXCOORD" input_set="0" />
                        </instance_material>
                    </technique_common>
                </bind_material>
            </instance_geometry>
            <instance_geometry url="#ID207">
                <bind_material>
                    <technique_common>
                        <instance_material symbol="Material2" target="#ID5">
                            <bind_vertex_input semantic="UVSET0" input_semantic="TEXCOORD" input_set="0" />
                        </instance_material>
                    </technique_common>
                </bind_material>
            </instance_geometry>
            <node id="ID179" name="instance_11">
                <matrix>0.7071068 1.436824e-015 0.7071068 2.684501e-016 1.354205e-015 1 -3.38618e-015 0.03937008 0.7071068 -3.351958e-015 -0.7071068 0.04175827 0 0 0 1</matrix>
                <instance_node url="#ID180" />
            </node>
            <node id="ID189" name="instance_12">
                <matrix>-0.7071068 1.373831e-015 0.7071068 0.8379494 -1.44329e-015 1 -3.38618e-015 0.03937008 -0.7071068 -3.414951e-015 -0.7071068 0.8797076 0 0 0 1</matrix>
                <instance_node url="#ID190" />
            </node>
            <node id="ID197" name="instance_13">
                <matrix>-0.7071068 1.465671e-015 0.7071068 0.8412756 1.462149e-015 1 -6.106227e-016 0.03937008 0.7071068 -6.021198e-016 0.7071068 1.776357e-015 0 0 0 1</matrix>
                <instance_node url="#ID180" />
            </node>
            <node id="ID198" name="instance_14">
                <matrix>0.7071068 1.413083e-015 0.7071068 0.003326219 -1.387779e-015 1 -6.106227e-016 0.03937008 -0.7071068 -5.495324e-016 0.7071068 0.8379494 0 0 0 1</matrix>
                <instance_node url="#ID190" />
            </node>
        </node>
        <node id="ID180" name="raketenfluegel">
            <instance_geometry url="#ID181">
                <bind_material>
                    <technique_common>
                        <instance_material symbol="Material2" target="#ID182">
                            <bind_vertex_input semantic="UVSET0" input_semantic="TEXCOORD" input_set="0" />
                        </instance_material>
                    </technique_common>
                </bind_material>
            </instance_geometry>
        </node>
        <node id="ID190" name="raketenfluegel">
            <instance_geometry url="#ID191">
                <bind_material>
                    <technique_common>
                        <instance_material symbol="Material2" target="#ID182">
                            <bind_vertex_input semantic="UVSET0" input_semantic="TEXCOORD" input_set="0" />
                        </instance_material>
                    </technique_common>
                </bind_material>
            </instance_geometry>
        </node>
    </library_nodes>
    <library_geometries>
        <geometry id="ID4">
            <mesh>
                <source id="ID7">
